Stations_ID, Mess_Datum, Qualitaets_Niveau, BEDECKUNGSGRAD,REL_FEUCHTE,DAMPFDRUCK,LUFTTEMPERATUR,LUFTDRUCK_STATIONSHOEHE, WINDGESCHWINDIGKEIT, LUFTTEMP_AM_ERDB_MINIMUM,LUFTTEMPERATUR_MINIMUM,LUFTTEMPERATUR_MAXIMUM, WINDSPITZE_MAXIMUM, NIEDERSCHLAGSHOEHE_IND,NIEDERSCHLAGSHOEHE,SONNENSCHEINDAUER, SCHNEEHOEHE,eor
     2667,20130102,   3,   7.3,   82.63,   7.5,    5.5, 1010.84,   3.2,    1.7,    3.4,    8.0,   7.6,   6,   2.3,    0.400,   0,eor
     2667,20130103,   3,   8.0,   92.17,  10.3,    8.4, 1018.86,   2.9,    5.4,    6.1,   10.5,   8.8,   6,   3.2,    0.000,   0,eor
     2667,20130104,   3,   8.0,   93.79,  11.1,    9.4, 1022.80,   3.5,    7.3,    7.7,   10.3,  10.3,   6,   0.6,    0.000,   0,eor
     2667,20130105,   3,   8.0,   92.83,   9.6,    7.5, 1021.48,   2.6,    6.3,    6.9,    8.2,   7.3,   6,   0.2,    0.000,   0,eor
     2667,20130106,   3,   7.8,   92.42,   9.8,    7.8, 1018.40,   2.9,    6.1,    6.4,    8.9,   7.6,   6,   0.0,    0.000,   0,eor
     2667,20130107,   3,   7.9,   86.88,   9.2,    7.8, 1016.27,   1.5,    5.8,    6.0,    9.1,   3.8,   6,   0.0,    0.000,   0,eor
     2667,20130108,   3,   8.0,   86.63,   8.3,    6.3, 1013.71,   1.8,    4.4,    4.8,    7.6,   6.9,   6,   0.0,    0.000,   0,eor
     2667,20130109,   3,   8.0,   87.25,   7.9,    5.6, 1008.68,   2.0,    4.6,    4.7,    6.9,   8.5,   6,   4.6,    0.000,   0,eor
     2667,20130110,   3,   7.6,   86.92,   7.5,    4.9, 1001.33,   2.7,    2.4,    2.6,    6.1,   7.8,   8,   1.2,    0.000,   0,eor
     2667,20130111,   3,   3.8,   85.75,   4.8,   -1.0, 1004.60,   1.8,   -8.4,   -6.2,    2.6,   5.1,   0,   0.0,    3.567,   0,eor
     2667,20130112,   3,   1.7,   78.71,   3.8,   -2.9, 1005.85,   2.4,  -10.2,   -7.5,    1.5,   6.5,   0,   0.0,    4.967,   0,eor
     2667,20130113,   3,   2.3,   71.42,   3.5,   -2.7, 1004.71,   2.8,   -9.1,   -6.6,    0.8,   7.0,   0,   0.0,    6.867,   0,eor
     2667,20130114,   3,   5.7,   88.63,   4.0,   -4.0, 1001.52,   1.7,  -11.7,   -6.9,   -2.1,   6.7,   7,   0.5,    0.117,   0,eor
     2667,20130115,   3,   8.0,   88.08,   4.5,   -2.4,  993.55,   3.3,   -4.9,   -4.3,   -1.1,   9.8,   7,   3.6,    0.000,   1,eor
     2667,20130116,   3,   7.7,   96.25,   4.6,   -3.3,  997.55,   1.9,   -9.7,   -4.4,   -2.4,   4.2,   7,   0.0,    0.000,   8,eor
     2667,20130117,   3,   8.0,   92.04,   4.4,   -3.2, 1004.48,   2.6,   -4.7,   -4.0,   -2.6,   7.1,   7,   0.0,    0.000,   7,eor
     2667,20130118,   3,   7.2,   84.67,   4.2,   -2.6,  997.47,   2.5,  -12.1,   -6.7,   -0.4,  10.6,   0,   0.0,    0.883,   7,eor
     2667,20130119,   3,   7.4,   75.00,   3.6,   -3.4,  986.62,   4.9,  -10.3,   -6.6,   -1.9,  10.7,   0,   0.0,    0.117,   6,eor
     2667,20130120,   3,   7.5,   83.46,   4.1,   -3.2,  982.80,   3.9,  -10.8,   -7.1,   -0.7,   9.9,   8,   5.8,    0.017,   6,eor
     2667,20130121,   3,   8.0,   92.13,   5.2,   -1.0,  986.27,   2.9,   -2.6,   -1.8,   -0.2,   6.2,   7,   0.1,    0.000,  14,eor
     2667,20130122,   3,   7.8,   85.29,   4.8,   -1.0,  992.37,   1.5,   -5.4,   -2.2,    0.4,   4.1,   7,   0.0,    0.000,  12,eor
     2667,20130123,   3,   7.8,   87.25,   4.9,   -1.1,  996.27,   1.1,   -6.9,   -3.1,    0.8,   2.8,   7,   0.0,    0.000,  11,eor
     2667,20130124,   3,   7.3,   84.96,   4.2,   -2.9, 1001.95,   2.1,   -9.3,   -6.3,   -1.2,   6.0,   0,   0.0,    0.000,  10,eor
     2667,20130125,   3,   8.0,   79.04,   4.0,   -2.5, 1006.50,   2.5,   -3.6,   -3.4,   -2.1,   9.4,   7,   0.0,    0.000,   9,eor
     2667,20130126,   3,   7.4,   83.54,   4.3,   -2.4, 1000.39,   4.8,   -4.4,   -3.7,   -0.2,  10.3,   8,   0.1,    0.400,   8,eor
     2667,20130127,   3,   7.4,   86.92,   6.1,    1.9,  993.97,   3.7,   -2.1,   -0.8,    4.1,  10.6,   8,   4.1,    0.000,   8,eor
     2667,20130128,   3,   5.5,   83.88,   6.5,    3.3, 1000.19,   3.5,   -2.5,    0.1,    6.4,  10.4,   6,   0.8,    0.850,   2,eor
     2667,20130129,   3,   7.9,   86.50,  10.0,    9.1,  997.52,   4.2,    5.0,    6.1,   12.0,  10.3,   6,  11.5,    0.000,   0,eor
     2667,20130130,   3,   5.5,   76.17,  10.4,   11.5,  996.85,   6.7,    6.5,    7.9,   14.9,  16.6,   6,   8.7,    0.550,   0,eor
     2667,20130131,   3,   6.8,   71.50,   7.6,    7.8, 1002.20,   6.2,    4.3,    6.3,    9.2,  19.9,   6,   1.8,    0.100,   0,eor
     2667,20130201,   3,   7.8,   85.67,   7.9,    6.0,  990.12,   3.8,    2.8,    3.2,    8.2,  13.3,   8,   9.8,    0.000,   0,eor
     2667,20130202,   3,   6.9,   86.21,   6.5,    3.0,  992.87,   4.4,   -0.2,    1.9,    4.3,  13.3,   8,   1.2,    0.933,   0,eor
     2667,20130203,   3,   7.5,   84.75,   6.7,    3.6, 1003.93,   5.0,    0.7,    1.7,    5.7,  13.7,   8,   3.1,    0.017,   0,eor
     2667,20130204,   3,   7.4,   84.33,   8.4,    6.9,  998.05,   4.7,    3.1,    4.7,    9.8,  13.7,   6,   0.8,    0.117,   0,eor
     2667,20130205,   3,   6.0,   80.58,   6.2,    3.1,  989.23,   4.6,   -2.8,   -1.7,    6.6,  20.3,   8,   7.3,    1.250,   0,eor
     2667,20130206,   3,   7.2,   91.83,   6.0,    1.0,  986.66,   3.4,   -2.9,   -0.5,    2.7,   9.6,   8,   0.5,    0.700,   4,eor
     2667,20130207,   3,   6.8,   88.96,   6.3,    2.0,  997.83,   3.5,   -0.4,    0.6,    5.2,   8.9,   8,   4.0,    1.817,   0,eor
     2667,20130208,   3,   7.0,   92.08,   5.7,    0.3, 1001.58,   3.0,   -4.4,   -2.1,    1.5,   8.2,   7,   0.8,    0.433,   4,eor
     2667,20130209,   3,   5.0,   92.79,   4.9,   -2.0, 1006.54,   1.7,  -10.3,   -5.8,    2.9,   5.8,   7,   0.1,    1.967,   3,eor
     2667,20130210,   3,   4.8,   75.13,   3.9,   -1.9,  999.35,   4.9,   -5.9,   -4.6,    1.7,  13.1,   0,   0.0,    7.700,   2,eor
     2667,20130211,   3,   7.3,   58.79,   3.4,   -0.8,  990.95,   5.4,   -4.5,   -3.1,    1.3,  11.8,   0,   0.0,    0.017,   0,eor
     2667,20130212,   3,   6.5,   66.21,   3.5,   -1.7, 1000.85,   2.2,   -8.7,   -6.6,    0.1,   6.5,   0,   0.0,    0.000,   0,eor
     2667,20130213,   3,   5.9,   64.54,   3.6,   -1.3, 1011.62,   1.6,   -8.5,   -5.1,    2.3,   4.6,   0,   0.0,    2.217,   0,eor
     2667,20130214,   3,   6.4,   73.25,   4.0,   -1.7, 1007.35,   4.2,   -8.3,   -5.2,    1.2,  10.1,   8,   1.1,    0.500,   0,eor
     2667,20130215,   3,   7.9,   93.83,   6.4,    1.3, 1006.25,   1.7,   -1.1,   -1.0,    3.9,   4.2,   6,   1.1,    0.000,   2,eor
     2667,20130216,   3,   7.9,   96.38,   7.6,    3.5, 1011.42,   1.2,   -0.1,    1.0,    5.7,   3.9,   6,   2.9,    0.000,   0,eor
     2667,20130217,   3,   6.4,   84.25,   6.6,    3.6, 1011.42,   2.0,   -3.7,   -1.8,    7.0,   5.3,   0,   0.0,    4.333,   0,eor
     2667,20130218,   3,   3.7,   76.58,   4.9,    1.1, 1009.16,   1.3,   -7.7,   -4.8,    7.0,   4.0,   0,   0.0,    8.850,   0,eor
     2667,20130219,   3,   7.9,   92.54,   6.1,    1.0, 1005.68,   1.9,   -4.2,   -2.2,    2.7,   6.0,   8,   0.7,    0.000,   0,eor
     2667,20130220,   3,   4.3,   70.67,   4.2,   -0.2, 1010.80,   3.2,   -6.3,   -2.9,    2.7,   8.3,   7,   0.0,    4.683,   0,eor
     2667,20130221,   3,   4.5,   67.38,   3.7,   -1.3, 1009.89,   3.8,   -7.8,   -3.9,    2.1,   9.7,   7,   0.0,    3.767,   0,eor
     2667,20130222,   3,   6.4,   64.38,   3.2,   -2.6, 1004.80,   4.0,   -7.5,   -4.3,   -0.1,   9.6,   7,   0.0,    2.617,   0,eor
     2667,20130223,   3,   7.4,   80.50,   3.9,   -3.0, 1002.14,   3.5,   -8.5,   -5.6,   -1.5,   8.7,   7,   1.1,    0.000,   0,eor
     2667,20130224,   3,   7.9,   92.92,   5.6,   -0.2, 1002.55,   2.6,   -3.5,   -2.7,    1.9,   4.9,   7,   0.9,    0.000,   4,eor
     2667,20130225,   3,   8.0,   94.96,   6.4,    1.3, 1007.99,   2.4,    0.0,    0.3,    2.6,   5.2,   8,   2.4,    0.000,   0,eor
     2667,20130226,   3,   7.3,   83.50,   6.6,    3.6, 1016.81,   2.9,   -0.5,    0.9,    7.5,   7.1,   0,   0.0,    0.883,   0,eor
     2667,20130227,   3,   8.0,   82.42,   5.9,    2.1, 1018.45,   2.2,    0.7,    0.9,    3.3,   6.0,   0,   0.0,    0.000,   0,eor
     2667,20130228,   3,   7.6,   76.42,   5.6,    2.8, 1015.04,   1.7,    0.1,    0.3,    6.5,   6.0,   0,   0.0,    0.017,   0,eor
     2667,20130301,   3,   8.0,   77.46,   5.7,    2.6, 1013.13,   2.5,    0.9,    1.2,    4.1,   6.7,   6,   0.0,    0.000,   0,eor
     2667,20130302,   3,   5.1,   68.75,   4.8,    2.1, 1012.79,   1.9,   -4.4,   -1.7,    6.4,   6.4,   0,   0.0,    5.367,   0,eor
     2667,20130303,   3,   6.6,   76.71,   5.4,    2.1, 1011.44,   1.2,   -4.4,   -0.8,    5.2,   4.8,   6,   0.0,    0.000,   0,eor
     2667,20130304,   3,   0.2,   61.54,   5.0,    4.7, 1006.55,   4.3,   -5.4,   -1.6,   11.8,  11.2,   0,   0.0,   10.050,   0,eor
     2667,20130305,   3,   1.8,   51.71,   5.2,    7.5,  998.48,   3.7,   -4.2,    1.5,   14.5,   9.1,   0,   0.0,    9.533,   0,eor
     2667,20130306,   3,   5.6,   42.46,   4.9,   10.4,  991.22,   2.5,   -1.8,    1.5,   19.8,   6.4,   0,   0.0,    8.717,   0,eor
     2667,20130307,   3,   7.5,   59.46,   7.5,   10.3,  987.57,   2.4,    2.5,    4.2,   16.2,   6.0,   6,   3.9,    0.533,   0,eor
     2667,20130308,   3,   7.3,   75.00,  10.3,   12.0,  987.00,   4.1,    7.4,    8.2,   17.7,   9.0,   6,   1.0,    2.483,   0,eor
     2667,20130309,   3,   7.8,   87.46,  10.6,    9.8,  987.54,   3.5,    7.4,    8.4,   11.8,  11.8,   8,   5.5,    0.000,   0,eor
     2667,20130310,   3,   8.0,   91.21,   6.9,    2.8,  988.62,   4.0,   -1.5,   -1.1,    8.5,   8.4,   8,   3.4,    0.000,   0,eor
     2667,20130311,   3,   8.0,   81.25,   4.3,   -1.9,  992.54,   3.6,   -3.1,   -2.9,   -0.6,   6.9,   7,   2.8,    0.000,   0,eor
     2667,20130312,   3,   7.5,   88.21,   4.1,   -3.6,  991.03,   3.5,  -12.7,   -7.1,   -2.1,   8.9,   7,   3.9,    0.000,   5,eor
     2667,20130313,   3,   3.3,   80.25,   3.5,   -4.6,  994.31,   1.9,  -19.0,  -12.5,    0.8,   6.8,   7,   0.5,    9.217,  12,eor
     2667,20130314,   3,   6.0,   79.04,   4.4,   -1.5,  999.50,   2.3,   -9.8,   -6.4,    2.0,  10.5,   7,   0.3,    1.867,   6,eor
     2667,20130315,   3,   5.0,   70.46,   3.6,   -1.9, 1003.40,   2.2,  -13.1,  -10.4,    3.9,   6.6,   7,   0.0,    5.717,   4,eor
     2667,20130316,   3,   6.9,   44.96,   3.6,    4.1,  998.23,   5.6,   -0.9,    0.6,    7.5,  12.2,   8,   0.0,    2.650,   0,eor
     2667,20130317,   3,   7.7,   78.29,   6.3,    3.8,  987.35,   5.8,    1.8,    2.0,    5.7,  12.4,   6,   1.7,    0.283,   0,eor
     2667,20130318,   3,   5.1,   63.08,   5.6,    5.7,  982.27,   2.6,   -3.9,   -1.2,   10.9,   9.7,   0,   0.0,    7.317,   0,eor
     2667,20130319,   3,   6.6,   86.21,   6.5,    2.9,  986.38,   2.1,   -5.2,   -2.5,    8.7,   6.8,   6,   4.6,    1.067,   0,eor
     2667,20130320,   3,   7.6,   94.46,   6.6,    1.9,  991.68,   3.3,   -1.1,    0.2,    3.8,   9.0,   8,  11.4,    0.000,   0,eor
     2667,20130321,   3,   6.1,   88.08,   5.4,    0.0, 1005.86,   2.0,   -7.1,   -4.9,    2.3,   5.4,   7,   0.2,    0.017,   0,eor
     2667,20130322,   3,   4.2,   72.88,   4.6,    0.8, 1004.27,   5.0,   -8.1,   -4.8,    6.9,  13.3,   0,   0.0,    5.383,   0,eor
     2667,20130323,   3,   7.8,   59.75,   3.8,    0.4, 1002.39,   7.4,   -1.6,   -1.4,    2.8,  13.4,   7,   0.0,    0.000,   0,eor
     2667,20130324,   3,   7.2,   38.17,   2.3,    0.3, 1001.73,   6.9,   -3.4,   -2.8,    5.1,  12.8,   0,   0.0,    3.850,   0,eor
     2667,20130325,   3,   5.8,   45.13,   2.8,    0.4, 1000.86,   5.8,   -3.5,   -2.8,    5.5,  11.9,   0,   0.0,    4.967,   0,eor
     2667,20130326,   3,   4.0,   42.38,   2.6,    0.6,  999.85,   4.9,   -6.4,   -3.8,    6.0,  10.8,   0,   0.0,   11.050,   0,eor
     2667,20130327,   3,   2.8,   46.13,   3.0,    1.2,  998.40,   4.2,   -7.4,   -3.9,    6.8,  10.3,   0,   0.0,   10.633,   0,eor
     2667,20130328,   3,   6.3,   57.29,   3.8,    1.5,  996.43,   2.6,   -4.6,   -2.0,    5.6,   6.5,   7,   0.9,    4.750,   0,eor
     2667,20130329,   3,   6.7,   84.38,   4.9,   -0.5,  996.12,   2.2,   -6.9,   -3.8,    3.0,   6.8,   7,   0.1,    0.683,   1,eor
     2667,20130330,   3,   5.2,   74.46,   4.3,   -0.2,  995.58,   2.1,   -8.7,   -6.6,    4.2,   6.8,   7,   0.0,    0.867,   0,eor
     2667,20130331,   3,   6.6,   71.17,   4.5,    0.8,  999.61,   2.3,   -7.7,   -4.0,    3.8,   5.9,   7,   0.0,    0.417,   0,eor
     2667,20130401,   3,   2.8,   58.54,   3.6,    1.2,  998.54,   3.0,   -9.6,   -7.5,    7.5,  13.9,   0,   0.0,   11.633,   0,eor
     2667,20130402,   3,   0.6,   50.96,   3.5,    2.3,  999.27,   3.8,   -8.6,   -4.0,    8.6,  11.8,   0,   0.0,   11.683,   0,eor
     2667,20130403,   3,   6.6,   59.96,   4.0,    1.7, 1002.23,   4.2,   -7.9,   -4.4,    6.4,  11.4,   0,   0.0,    0.000,   0,eor
     2667,20130404,   3,   7.0,   58.92,   4.6,    3.4,  998.81,   4.5,   -2.6,   -0.2,    7.9,   8.6,   0,   0.0,    2.183,   0,eor
     2667,20130405,   3,   7.7,   69.38,   5.1,    2.6,  998.63,   3.1,   -2.8,    0.3,    4.1,   6.7,   0,   0.0,    0.000,   0,eor
     2667,20130406,   3,   7.0,   77.83,   5.9,    3.1, 1006.71,   2.5,   -5.2,   -2.2,    6.2,   8.6,   6,   0.5,    0.000,   0,eor
     2667,20130407,   3,   3.2,   57.42,   4.3,    4.5, 1007.65,   1.8,   -7.0,   -3.4,   11.5,   6.3,   0,   0.0,   11.667,   0,eor
     2667,20130408,   3,   7.8,   60.42,   5.3,    5.4,  994.96,   3.8,   -3.6,   -1.6,   10.9,  14.6,   6,   1.9,    4.083,   0,eor
     2667,20130409,   3,   6.7,   85.92,   8.2,    6.2,  989.22,   3.3,   -1.5,   -0.6,    9.7,   8.2,   6,   2.7,    1.000,   0,eor
     2667,20130410,   3,   7.6,   84.50,   9.1,    8.0,  992.88,   2.8,    3.6,    6.2,   10.7,   9.7,   6,   7.3,    0.033,   0,eor
     2667,20130411,   3,   7.5,   73.75,   9.8,   11.5,  988.20,   4.0,    6.5,    7.2,   16.8,  12.8,   6,   6.3,    0.617,   0,eor
     2667,20130412,   3,   7.2,   75.67,   9.6,   10.7,  991.03,   4.2,    6.4,    7.0,   15.7,  13.4,   6,   1.1,    3.700,   0,eor
     2667,20130413,   3,   6.5,   61.00,   8.1,   11.6, 1004.54,   4.1,    7.2,    8.0,   16.9,  10.4,   6,   0.3,    4.117,   0,eor
     2667,20130414,   3,   5.8,   62.33,  11.1,   16.1, 1009.41,   3.8,    9.0,   10.0,   23.4,   9.9,   0,   0.0,    4.283,   0,eor
     2667,20130415,   3,   4.6,   61.88,  11.6,   16.8, 1007.39,   3.0,    9.3,   12.0,   22.8,  13.5,   6,   0.1,    7.583,   0,eor
     2667,20130416,   3,   6.9,   63.08,  11.0,   16.2, 1007.74,   3.0,    7.0,   10.2,   22.2,  10.4,   6,   0.0,    5.083,   0,eor
     2667,20130417,   3,   6.8,   54.25,  10.9,   17.9, 1007.88,   3.0,   12.6,   13.4,   24.3,   7.9,   0,   0.0,    4.533,   0,eor
     2667,20130418,   3,   4.0,   44.79,   8.0,   15.8, 1004.51,   4.7,    4.3,    8.9,   19.4,  13.7,   0,   0.0,    9.017,   0,eor
     2667,20130419,   3,   5.3,   58.13,   7.2,   10.5, 1011.70,   4.3,    4.0,    6.3,   14.6,  11.3,   0,   0.0,    8.283,   0,eor
     2667,20130420,   3,   5.7,   54.88,   6.2,    9.1, 1015.86,   4.5,    3.4,    4.6,   13.6,  10.6,   0,   0.0,   11.500,   0,eor
     2667,20130421,   3,   7.4,   60.21,   6.9,    9.0, 1007.55,   1.8,    0.8,    3.1,   12.7,   4.5,   0,   0.0,    0.000,   0,eor
     2667,20130422,   3,   4.2,   48.21,   6.4,   11.7, 1005.06,   2.2,    3.8,    8.2,   17.5,   6.0,   0,   0.0,   10.450,   0,eor
     2667,20130423,   3,   7.1,   63.13,   9.0,   12.3, 1009.00,   3.2,    6.2,    7.6,   18.0,   9.9,   0,   0.0,    2.550,   0,eor
     2667,20130424,   3,   2.9,   61.00,   9.7,   15.1, 1012.91,   2.4,    2.5,    4.0,   23.9,   7.8,   0,   0.0,   12.817,   0,eor
     2667,20130425,   3,   3.0,   56.88,  10.9,   18.0, 1009.91,   1.7,    7.7,    9.5,   26.2,   5.9,   0,   0.0,    7.017,   0,eor
     2667,20130426,   3,   6.2,   80.21,  11.2,   12.1,  998.27,   3.7,    5.7,    5.8,   18.8,  11.0,   6,   6.1,    1.583,   0,eor
     2667,20130427,   3,   7.7,   78.71,   7.7,    6.8,  998.57,   3.8,    3.0,    4.9,    9.2,   8.6,   6,   0.0,    0.000,   0,eor
     2667,20130428,   3,   6.2,   70.92,   7.2,    7.2, 1003.91,   2.4,    1.0,    2.7,   11.7,   6.1,   0,   0.0,    2.767,   0,eor
     2667,20130429,   3,   5.6,   61.38,   7.1,   10.0, 1005.51,   3.3,    1.9,    4.5,   15.4,  10.2,   0,   0.0,    6.617,   0,eor
     2667,20130430,   3,   7.4,   62.29,   6.8,    9.4, 1010.01,   2.5,   -0.7,    0.8,   14.3,   8.1,   6,   0.0,    0.933,   0,eor
     2667,20130501,   3,   6.8,   57.71,   8.6,   13.1, 1009.12,   2.7,    6.8,    7.6,   17.7,   9.6,   6,   0.1,    3.417,   0,eor
     2667,20130502,   3,   4.5,   61.13,  10.1,   15.0, 1006.49,   2.8,    5.7,    7.6,   21.4,   7.9,   0,   0.0,    5.750,   0,eor
     2667,20130503,   3,   5.3,   64.67,  10.1,   14.0, 1004.53,   1.9,    4.9,    7.2,   20.7,   5.4,   0,   0.0,    3.017,   0,eor
     2667,20130504,   3,   2.9,   60.25,   8.9,   13.9, 1006.02,   2.8,    3.8,    6.2,   20.8,   8.7,   0,   0.0,   12.600,   0,eor
     2667,20130505,   3,   2.1,   57.92,   9.0,   14.5, 1010.39,   2.1,    2.1,    5.0,   21.9,   6.4,   0,   0.0,   13.767,   0,eor
     2667,20130506,   3,   3.2,   53.50,   9.7,   17.4, 1006.54,   2.2,    3.8,    6.5,   24.7,   7.5,   0,   0.0,   11.000,   0,eor
     2667,20130507,   3,   5.0,   82.46,  13.6,   14.5, 1002.51,   1.8,    7.0,    8.6,   20.9,   6.6,   6,   4.7,    3.983,   0,eor
     2667,20130508,   3,   5.3,   77.13,  13.4,   15.7,  999.85,   3.3,    8.4,    9.5,   24.1,  10.8,   6,   0.5,    4.067,   0,eor
     2667,20130509,   3,   6.2,   70.25,  12.1,   15.4, 1000.85,   2.7,    9.1,   10.8,   20.9,   8.7,   6,   1.2,    4.667,   0,eor
     2667,20130510,   3,   5.8,   72.00,  10.1,   12.3, 1002.98,   3.1,    5.2,    7.5,   16.9,  10.7,   6,   1.1,    3.817,   0,eor
     2667,20130511,   3,   6.4,   75.21,  10.4,   12.0, 1002.73,   3.2,    5.8,    7.9,   17.6,  13.9,   6,   3.7,    2.550,   0,eor
     2667,20130512,   3,   6.8,   76.25,   9.2,    9.8, 1003.17,   4.3,    5.8,    5.7,   14.2,  13.3,   6,   4.6,    4.800,   0,eor
     2667,20130513,   3,   7.4,   83.04,  11.1,   11.2, 1002.05,   3.6,    7.4,    7.6,   15.8,  10.5,   6,   2.7,    0.417,   0,eor
     2667,20130514,   3,   7.3,   70.75,   9.6,   11.5,  997.07,   2.8,    7.7,    9.4,   13.5,   8.4,   6,   0.4,    0.567,   0,eor
     2667,20130515,   3,   6.0,   74.50,  11.5,   13.6,  989.44,   2.9,    6.6,    8.8,   17.5,   8.4,   6,   0.2,    2.650,   0,eor
     2667,20130516,   3,   7.3,   88.79,  12.9,   12.5,  986.63,   1.9,    6.3,    7.8,   16.9,   6.6,   6,   9.1,    0.017,   0,eor
     2667,20130517,   3,   8.0,   93.17,  11.3,    9.7,  990.28,   2.8,    8.9,    8.8,   10.5,   6.2,   6,   0.7,    0.000,   0,eor
     2667,20130518,   3,   5.2,   80.46,  10.5,   11.1,  996.38,   1.9,    4.2,    7.0,   16.5,   6.7,   6,   0.0,    4.883,   0,eor
     2667,20130519,   3,   2.8,   69.96,  11.3,   14.8,  994.98,   3.5,    2.4,    3.5,   22.6,   9.4,   6,  11.3,   11.833,   0,eor
     2667,20130520,   3,   7.6,   88.13,  12.1,   11.7,  996.52,   3.0,    7.9,    9.2,   14.0,   7.5,   6,   5.5,    0.000,   0,eor
     2667,20130521,   3,   6.5,   81.46,  11.4,   12.1,  997.81,   2.8,    5.8,    7.5,   17.7,   9.0,   6,  11.0,    1.783,   0,eor
     2667,20130522,   3,   7.2,   85.75,   9.6,    8.7, 1000.26,   5.1,    2.7,    5.9,   10.5,  13.5,   6,   7.1,    0.000,   0,eor
     2667,20130523,   3,   7.0,   87.04,   8.2,    6.2,  996.55,   3.2,    0.9,    2.4,    9.7,  10.9,   8,   6.8,    0.933,   0,eor
     2667,20130524,   3,   4.4,   72.29,   6.9,    7.0,  999.56,   2.1,   -0.6,    1.8,   12.9,   8.5,   6,   0.0,    7.117,   0,eor
     2667,20130525,   3,   5.8,   76.46,   8.0,    8.0, 1001.93,   3.2,   -1.6,   -0.6,   15.0,  11.0,   6,   5.9,    4.583,   0,eor
     2667,20130526,   3,   8.0,   89.75,  10.0,    8.6,  999.46,   4.5,    6.5,    6.8,   10.5,  11.1,   6,   7.2,    0.000,   0,eor
     2667,20130527,   3,   5.4,   62.83,   9.1,   13.0,  997.78,   3.6,    6.4,    8.2,   19.4,   9.0,   0,   0.0,    6.717,   0,eor
     2667,20130528,   3,   3.8,   61.54,  10.1,   15.5,  991.46,   2.8,    3.3,    4.7,   22.6,   9.4,   6,   2.7,   13.183,   0,eor
     2667,20130529,   3,   8.0,   91.46,  11.2,    9.9,  990.35,   3.3,    8.1,    8.5,   13.0,   8.8,   6,  15.5,    0.000,   0,eor
     2667,20130530,   3,   6.5,   73.17,   9.8,   11.7,  995.61,   2.6,    7.8,    8.0,   16.4,   6.9,   6,   0.9,    4.600,   0,eor
     2667,20130531,   3,   7.2,   75.54,  13.0,   15.5,  996.13,   6.0,   10.3,   10.9,   21.6,  16.4,   6,   0.2,    1.250,   0,eor
     2667,20130601,   3,   7.6,   84.04,  11.8,   12.0, 1003.88,   5.9,    9.3,    9.9,   13.5,  12.5,   6,   0.0,    0.117,   0,eor
     2667,20130602,   3,   4.6,   58.96,   8.2,   12.6, 1011.58,   5.8,    3.8,    6.8,   18.3,  12.4,   0,   0.0,   12.450,   0,eor
     2667,20130603,   3,   5.0,   64.67,   8.3,   11.1, 1014.71,   3.7,    1.8,    4.3,   18.1,  10.2,   0,   0.0,    7.767,   0,eor
     2667,20130604,   3,   3.9,   68.83,  10.2,   13.3, 1010.18,   2.8,    1.6,    3.7,   21.3,   9.0,   0,   0.0,    9.750,   0,eor
     2667,20130605,   3,   2.9,   62.38,  11.8,   17.6, 1006.23,   1.7,    6.4,    7.7,   24.9,   5.0,   0,   0.0,   12.417,   0,eor
     2667,20130606,   3,   2.1,   48.67,  10.6,   19.5, 1007.37,   2.2,    7.7,   10.3,   26.5,   7.8,   0,   0.0,   12.767,   0,eor
     2667,20130607,   3,   1.7,   56.71,  12.6,   20.0, 1007.43,   2.1,    8.3,    9.8,   27.5,   6.2,   0,   0.0,   14.050,   0,eor
     2667,20130608,   3,   3.3,   67.71,  15.4,   19.7, 1003.63,   2.5,   11.1,   12.8,   25.9,  11.1,   6,   0.1,    9.467,   0,eor
     2667,20130609,   3,   6.4,   76.58,  13.6,   15.7,  998.69,   3.5,   10.8,   12.2,   20.5,   8.1,   6,   1.8,    2.850,   0,eor
     2667,20130610,   3,   7.0,   80.25,  12.7,   13.9, 1000.74,   3.2,   10.9,   10.8,   18.2,   7.3,   6,   0.9,    0.817,   0,eor
     2667,20130611,   3,   4.3,   66.54,  12.1,   16.6, 1004.79,   1.7,    8.0,    9.4,   22.5,   7.5,   0,   0.0,    9.050,   0,eor
     2667,20130612,   3,   6.9,   70.42,  15.3,   18.9, 1005.70,   3.4,   12.5,   13.4,   22.8,   9.8,   6,   0.0,    3.367,   0,eor
     2667,20130613,   3,   6.9,   80.92,  16.3,   17.8, 1003.48,   3.8,    9.4,   10.5,   25.6,  12.6,   6,  18.9,    1.200,   0,eor
     2667,20130614,   3,   5.5,   68.25,  11.2,   14.8, 1007.32,   2.7,    7.3,    8.7,   19.7,   8.0,   0,   0.0,    5.150,   0,eor
     2667,20130615,   3,   5.0,   68.29,  12.1,   15.9, 1001.53,   3.6,    8.3,   10.7,   22.1,  14.0,   6,   0.4,    4.933,   0,eor
     2667,20130616,   3,   6.2,   65.50,  11.7,   16.1, 1003.97,   2.2,    7.1,    9.3,   22.7,   7.1,   0,   0.0,    4.717,   0,eor
     2667,20130617,   3,   5.6,   68.42,  16.3,   20.7, 1001.43,   2.2,    8.8,    9.2,   28.5,   6.4,   6,   0.0,    8.717,   0,eor
     2667,20130618,   3,   2.8,   63.58,  19.5,   25.4, 1002.63,   1.7,   16.3,   17.2,   33.4,   4.3,   0,   0.0,   13.383,   0,eor
     2667,20130619,   3,   5.6,   68.25,  23.1,   26.5,  999.76,   3.2,   17.7,   18.8,   34.3,  10.0,   6,   0.0,    9.800,   0,eor
     2667,20130620,   3,   6.5,   82.54,  20.0,   20.6, 1000.25,   3.0,   15.6,   15.8,   23.5,  13.9,   6,  47.5,    5.167,   0,eor
     2667,20130621,   3,   6.6,   76.71,  15.4,   17.6, 1000.99,   4.0,   12.9,   14.1,   23.2,  13.5,   6,   0.2,    2.783,   0,eor
     2667,20130622,   3,   6.6,   68.13,  14.3,   18.4, 1002.16,   4.7,   12.9,   14.5,   23.5,  12.5,   6,   3.1,    3.550,   0,eor
     2667,20130623,   3,   6.6,   75.08,  13.0,   15.3, 1001.09,   4.6,   11.7,   12.2,   19.0,  13.3,   6,   0.3,    1.467,   0,eor
     2667,20130624,   3,   7.5,   78.17,  12.5,   14.0, 1008.02,   3.5,   11.5,   11.8,   17.1,  10.2,   6,   1.7,    0.233,   0,eor
     2667,20130625,   3,   7.3,   81.33,  11.8,   12.7, 1014.03,   3.6,    4.8,    7.3,   16.5,   9.6,   6,   0.5,    1.517,   0,eor
     2667,20130626,   3,   5.7,   75.17,  10.2,   11.8, 1015.78,   2.0,    3.0,    5.1,   16.9,   8.8,   6,   8.1,    1.750,   0,eor
     2667,20130627,   3,   7.4,   85.67,  12.2,   12.3, 1011.23,   2.0,    8.9,    9.9,   16.5,   9.9,   6,   3.8,    1.217,   0,eor
     2667,20130628,   3,   7.7,   92.08,  13.0,   12.0, 1007.85,   2.1,    8.5,    9.1,   14.6,   5.6,   6,  16.1,    0.000,   0,eor
     2667,20130629,   3,   7.0,   81.17,  13.3,   14.5, 1006.76,   4.3,    6.5,    8.2,   18.2,  10.6,   6,   0.3,    2.567,   0,eor
     2667,20130630,   3,   4.6,   72.96,  11.9,   14.7, 1010.71,   2.1,    3.9,    5.6,   21.6,   5.9,   0,   0.0,    6.283,   0,eor
     2667,20130701,   3,   5.7,   74.67,  15.6,   18.4, 1005.24,   2.7,   11.0,   12.6,   24.7,   8.2,   6,   4.5,    8.800,   0,eor
     2667,20130702,   3,   5.9,   67.58,  14.1,   18.9, 1002.09,   2.1,    9.4,   10.9,   25.6,  10.0,   6,   0.3,   11.533,   0,eor
     2667,20130703,   3,   7.4,   90.54,  17.8,   17.2,  998.58,   2.4,   12.6,   14.0,   19.7,   7.1,   6,  13.5,    0.150,   0,eor
     2667,20130704,   3,   6.5,   77.08,  16.1,   18.5, 1009.01,   2.0,   12.1,   13.5,   23.5,   7.3,   6,   0.0,    5.067,   0,eor
     2667,20130705,   3,   5.8,   76.42,  16.6,   19.0, 1016.07,   1.6,   12.4,   13.5,   23.4,   6.5,   0,   0.0,    1.633,   0,eor
     2667,20130706,   3,   2.1,   68.21,  16.2,   21.0, 1016.83,   2.1,   11.5,   12.7,   27.9,   6.9,   0,   0.0,   13.417,   0,eor
     2667,20130707,   3,   0.7,   62.92,  15.1,   21.4, 1017.16,   2.3,   11.4,   12.9,   28.4,   9.2,   0,   0.0,   15.000,   0,eor
     2667,20130708,   3,   0.8,   60.67,  14.8,   21.6, 1016.83,   2.7,   10.8,   12.2,   28.3,   9.4,   0,   0.0,   14.933,   0,eor
     2667,20130709,   3,   1.5,   66.96,  16.6,   21.5, 1012.12,   2.2,   11.5,   12.6,   28.6,   6.9,   0,   0.0,   13.233,   0,eor
     2667,20130710,   3,   4.1,   67.58,  14.4,   18.6, 1008.68,   4.0,   11.2,   13.6,   23.6,  11.5,   0,   0.0,   10.717,   0,eor
     2667,20130711,   3,   5.1,   73.75,  12.4,   14.9, 1009.81,   3.2,    7.3,    9.2,   18.8,   7.3,   0,   0.0,    5.567,   0,eor
     2667,20130712,   3,   1.6,   75.83,  12.4,   14.8, 1010.31,   2.4,    5.9,    7.4,   21.6,   7.3,   0,   0.0,   11.783,   0,eor
     2667,20130713,   3,   4.1,   75.00,  13.1,   15.8, 1010.60,   2.1,    6.6,    8.4,   22.2,   7.0,   0,   0.0,    8.000,   0,eor
     2667,20130714,   3,   4.1,   76.17,  14.2,   16.8, 1011.20,   2.7,    7.4,    9.0,   23.6,   8.0,   0,   0.0,   13.000,   0,eor
     2667,20130715,   3,   2.7,   68.88,  14.3,   18.9, 1010.52,   1.9,    8.9,   10.0,   26.4,   6.2,   0,   0.0,   10.717,   0,eor
     2667,20130716,   3,   4.7,   63.13,  14.4,   20.6, 1010.63,   1.8,    9.7,   11.1,   28.0,   5.3,   0,   0.0,   13.233,   0,eor
     2667,20130717,   3,   4.4,   63.50,  15.0,   20.9, 1010.77,   2.2,   10.4,   11.8,   28.0,   7.9,   0,   0.0,   11.267,   0,eor
     2667,20130718,   3,   1.4,   61.21,  15.8,   22.6, 1010.92,   2.6,   11.9,   13.5,   30.2,  10.0,   0,   0.0,   14.367,   0,eor
     2667,20130719,   3,   1.5,   60.83,  15.5,   21.9, 1010.34,   3.0,   11.8,   13.8,   28.0,   9.8,   0,   0.0,   14.450,   0,eor
     2667,20130720,   3,   1.4,   71.00,  16.3,   20.0, 1008.85,   2.5,   10.7,   12.4,   25.8,   7.3,   0,   0.0,   12.683,   0,eor
     2667,20130721,   3,   0.5,   58.21,  15.4,   23.4, 1007.32,   2.2,   11.0,   12.4,   31.4,   8.9,   0,   0.0,   14.633,   0,eor
     2667,20130722,   3,   2.5,   54.75,  16.3,   25.2, 1004.28,   2.0,   13.7,   14.9,   33.6,   9.2,   6,   0.0,   12.717,   0,eor
     2667,20130723,   3,   4.2,   63.04,  18.2,   24.5, 1001.20,   2.0,   16.8,   17.4,   33.8,  12.7,   6,   0.0,    7.250,   0,eor
     2667,20130724,   3,   5.9,   80.46,  19.8,   21.0, 1002.71,   2.1,   16.1,   16.5,   26.5,   7.6,   6,   9.8,    2.550,   0,eor
     2667,20130725,   3,   3.2,   88.79,  21.9,   20.9, 1003.59,   2.2,   14.5,   15.4,   27.0,  10.8,   6,  26.7,    8.433,   0,eor
     2667,20130726,   3,   5.5,   84.88,  22.6,   22.2, 1001.79,   2.0,   18.1,   18.9,   27.9,   6.7,   6,   0.8,    4.383,   0,eor
     2667,20130727,   3,   4.5,   76.08,  22.9,   24.7,  996.42,   2.3,   17.2,   18.2,   32.3,  15.1,   6,   1.1,   11.200,   0,eor
     2667,20130728,   3,   6.9,   82.04,  20.9,   21.3,  999.36,   2.1,   16.0,   16.7,   24.8,   8.2,   6,   0.9,    1.883,   0,eor
     2667,20130729,   3,   6.9,   76.83,  17.8,   20.2, 1003.16,   2.6,   14.9,   15.3,   24.8,  11.8,   6,   5.7,    5.267,   0,eor
     2667,20130730,   3,   6.3,   80.04,  16.6,   18.2, 1005.96,   2.4,   13.0,   13.5,   23.6,  11.7,   6,   7.3,    5.933,   0,eor
     2667,20130731,   3,   5.5,   75.75,  17.5,   20.1, 1006.04,   3.4,   13.9,   15.7,   25.4,   9.4,   0,   0.0,    2.817,   0,eor
     2667,20130801,   3,   1.4,   62.46,  17.6,   24.0, 1003.66,   2.9,   13.6,   15.1,   31.6,   7.5,   0,   0.0,   14.017,   0,eor
     2667,20130802,   3,   0.9,   48.58,  17.6,   27.8,  999.88,   3.4,   16.8,   19.5,   35.6,  10.1,   6,   2.7,   13.133,   0,eor
     2667,20130803,   3,   5.5,   64.25,  17.7,   23.1, 1005.59,   3.3,   13.9,   14.8,   28.4,   9.7,   6,   0.0,    7.017,   0,eor
     2667,20130804,   3,   2.8,   64.33,  14.6,   20.5, 1008.93,   1.6,   11.5,   12.7,   27.6,   4.6,   0,   0.0,   10.850,   0,eor
     2667,20130805,   3,   3.6,   62.33,  16.5,   22.8, 1003.68,   2.6,   11.4,   13.0,   30.4,   9.8,   6,   0.1,   12.683,   0,eor
     2667,20130806,   3,   4.2,   62.92,  16.1,   21.6, 1003.29,   2.7,   14.6,   16.3,   25.7,   8.7,   6,   0.0,    9.533,   0,eor
     2667,20130807,   3,   7.0,   80.71,  18.0,   19.5,  998.74,   2.9,   12.2,   13.2,   27.6,  11.7,   6,   1.2,    2.283,   0,eor
     2667,20130808,   3,   7.0,   82.92,  15.8,   16.8, 1005.61,   2.4,   11.8,   12.9,   21.0,   6.9,   6,   0.7,    2.033,   0,eor
     2667,20130809,   3,   5.6,   73.46,  14.4,   17.9, 1008.46,   1.8,   10.4,   12.2,   25.1,   6.3,   6,   0.0,    4.517,   0,eor
     2667,20130810,   3,   4.8,   71.83,  14.0,   17.3, 1008.29,   3.0,   10.6,   11.9,   23.4,  10.8,   0,   0.0,    4.250,   0,eor
     2667,20130811,   3,   5.3,   62.92,  11.6,   17.0, 1007.03,   2.5,    7.0,    9.2,   24.9,   7.7,   0,   0.0,    5.400,   0,eor
     2667,20130812,   3,   5.5,   75.33,  14.4,   16.9, 1003.77,   2.3,   11.0,   12.8,   24.5,  10.6,   6,   0.4,    3.717,   0,eor
     2667,20130813,   3,   4.8,   73.71,  12.7,   15.5, 1007.03,   2.9,    7.1,    9.6,   21.8,  11.6,   6,   0.0,    4.567,   0,eor
     2667,20130814,   3,   4.0,   75.29,  12.0,   14.5, 1011.15,   1.8,    4.6,    6.9,   21.9,   6.3,   6,   0.0,    3.883,   0,eor
     2667,20130815,   3,   5.4,   73.13,  14.0,   17.2, 1009.91,   2.0,    6.7,    8.7,   23.9,   6.1,   0,   0.0,    3.750,   0,eor
     2667,20130816,   3,   2.6,   59.13,  13.3,   20.9, 1005.45,   2.4,    8.6,   11.3,   30.4,   7.9,   6,   0.0,   12.650,   0,eor
     2667,20130817,   3,   4.8,   65.79,  16.3,   21.4, 1003.31,   2.1,   15.3,   15.5,   27.9,   7.4,   6,   0.0,    8.617,   0,eor
     2667,20130818,   3,   7.3,   81.00,  18.4,   19.6, 1001.18,   3.2,   15.5,   16.8,   22.7,   9.8,   6,   7.8,    0.117,   0,eor
     2667,20130819,   3,   4.6,   83.00,  15.9,   16.9, 1005.38,   3.2,    9.1,   10.9,   22.4,  12.5,   6,   0.5,    6.200,   0,eor
     2667,20130820,   3,   2.4,   78.92,  12.5,   14.3, 1016.03,   1.6,    6.0,    7.7,   21.5,   7.4,   0,   0.0,    6.650,   0,eor
     2667,20130821,   3,   2.6,   70.58,  11.5,   15.5, 1013.23,   1.7,    5.4,    6.6,   24.2,   4.8,   0,   0.0,   12.817,   0,eor
     2667,20130822,   3,   5.0,   65.33,  12.8,   18.2, 1008.00,   1.8,    6.7,    8.6,   26.7,   5.9,   0,   0.0,    9.817,   0,eor
     2667,20130823,   3,   3.1,   62.33,  14.2,   20.3, 1004.63,   2.4,   10.4,   11.7,   27.2,   6.8,   0,   0.0,   11.833,   0,eor
     2667,20130824,   3,   6.0,   79.96,  16.2,   17.8, 1000.15,   2.7,   11.7,   13.0,   23.0,   8.4,   6,   5.9,    1.833,   0,eor
     2667,20130825,   3,   7.8,   96.42,  17.9,   16.2, 1000.10,   1.6,   14.6,   14.7,   17.4,   4.5,   6,   2.5,    0.000,   0,eor
     2667,20130826,   3,   6.5,   81.83,  14.7,   16.1, 1003.04,   1.7,   11.1,   11.7,   20.4,   7.1,   6,   0.0,    0.017,   0,eor
     2667,20130827,   3,   4.8,   69.67,  13.1,   17.1, 1003.15,   1.7,    8.4,    9.4,   23.7,   5.4,   0,   0.0,    6.383,   0,eor
     2667,20130828,   3,   3.1,   78.33,  13.5,   15.7, 1007.08,   1.6,    6.6,    7.7,   23.7,   5.4,   0,   0.0,    4.183,   0,eor
     2667,20130829,   3,   3.3,   72.21,  13.2,   17.0, 1009.69,   1.8,    6.5,    8.1,   25.0,   4.7,   0,   0.0,    8.883,   0,eor
     2667,20130830,   3,   3.1,   72.83,  13.6,   17.1, 1008.23,   1.8,    7.6,    8.9,   25.3,   6.6,   0,   0.0,    6.517,   0,eor
     2667,20130831,   3,   5.3,   81.08,  15.3,   16.4, 1009.31,   2.7,    8.0,   10.5,   21.0,   9.9,   6,   2.0,    1.550,   0,eor
     2667,20130901,   3,   6.7,   70.46,  10.8,   13.9, 1014.59,   2.9,    6.0,    7.8,   19.0,   9.3,   0,   0.0,    4.317,   0,eor
     2667,20130902,   3,   6.2,   70.71,  13.8,   17.1, 1012.87,   3.5,    9.8,   11.4,   22.7,   9.8,   0,   0.0,    2.883,   0,eor
     2667,20130903,   3,   4.6,   82.17,  15.9,   17.2, 1014.96,   1.6,   10.4,   12.1,   23.2,   4.8,   0,   0.0,    2.983,   0,eor
     2667,20130904,   3,   0.3,   70.63,  16.4,   20.5, 1010.38,   2.0,    9.7,   12.2,   28.3,   6.0,   0,   0.0,   12.267,   0,eor
     2667,20130905,   3,   0.2,   61.46,  17.2,   23.6, 1002.40,   3.6,   12.8,   13.9,   31.4,   9.1,   0,   0.0,   12.250,   0,eor
     2667,20130906,   3,   1.7,   60.21,  16.9,   23.7,  997.80,   3.6,   15.0,   16.6,   32.8,  11.4,   6,   0.0,    9.733,   0,eor
     2667,20130907,   3,   6.8,   88.00,  17.9,   17.9, 1004.96,   2.2,   13.8,   14.6,   24.5,   7.8,   6,  21.3,    1.450,   0,eor
     2667,20130908,   3,   7.8,   94.63,  15.1,   14.0, 1006.50,   2.5,   11.5,   12.1,   15.3,  10.3,   6,   2.1,    0.000,   0,eor
     2667,20130909,   3,   6.8,   80.46,  12.6,   14.0, 1004.82,   2.8,   10.4,   10.8,   19.9,   8.6,   6,   2.7,    3.350,   0,eor
     2667,20130910,   3,   7.3,   81.29,  12.0,   12.8, 1000.98,   5.0,    9.0,    9.9,   15.7,  11.6,   6,   9.2,    0.967,   0,eor
     2667,20130911,   3,   7.5,   91.46,  13.5,   12.8, 1000.59,   3.2,   10.2,   11.2,   17.5,  11.0,   6,   5.8,    0.283,   0,eor
     2667,20130912,   3,   6.8,   92.00,  14.2,   13.5, 1004.48,   2.5,    9.7,   11.0,   18.6,   9.6,   6,   7.2,    1.517,   0,eor
     2667,20130913,   3,   7.3,   84.38,  14.4,   15.2, 1007.62,   2.0,   12.6,   12.7,   19.2,   5.5,   6,   1.0,    1.183,   0,eor
     2667,20130914,   3,   7.6,   90.96,  15.9,   15.3, 1001.31,   3.1,   12.7,   13.0,   18.5,   8.9,   6,   3.8,    0.017,   0,eor
     2667,20130915,   3,   7.0,   79.42,  12.3,   13.7,  999.06,   2.3,    9.6,   10.5,   16.8,   7.7,   6,   8.1,    1.600,   0,eor
     2667,20130916,   3,   4.9,   72.25,  10.5,   12.8,  990.18,   4.3,    4.2,    6.8,   17.5,  15.6,   6,   0.0,    6.300,   0,eor
     2667,20130917,   3,   5.0,   81.71,   9.9,    9.9,  990.81,   3.8,    3.4,    5.3,   15.1,  12.7,   6,   5.8,    4.450,   0,eor
     2667,20130918,   3,   7.2,   92.75,  12.7,   11.7,  988.04,   2.7,    7.1,    8.6,   13.5,   7.6,   6,   1.2,    0.000,   0,eor
     2667,20130919,   3,   6.8,   79.42,  11.3,   12.3,  999.70,   2.7,    8.6,    9.6,   15.7,   8.4,   6,   1.8,    1.700,   0,eor
     2667,20130920,   3,   7.1,   83.71,  13.1,   13.8, 1004.08,   2.9,    8.5,   10.7,   16.9,   8.9,   6,   0.0,    0.067,   0,eor
     2667,20130921,   3,   6.2,   83.83,  12.3,   12.9, 1013.84,   1.2,    6.2,    7.2,   18.8,   4.2,   0,   0.0,    3.533,   0,eor
     2667,20130922,   3,   6.9,   88.33,  14.0,   13.8, 1015.66,   1.4,    6.8,    7.9,   18.3,   3.9,   0,   0.0,    0.200,   0,eor
     2667,20130923,   3,   6.6,   86.50,  15.0,   15.3, 1012.93,   1.7,    9.7,   10.8,   19.2,   6.0,   0,   0.0,    1.233,   0,eor
     2667,20130924,   3,   4.9,   82.88,  13.7,   14.8, 1005.07,   1.4,    8.5,    9.9,   21.0,   6.6,   0,   0.0,    6.950,   0,eor
     2667,20130925,   3,   5.6,   85.33,  14.3,   14.8,  999.38,   1.8,    7.8,    9.7,   21.2,   5.6,   6,   0.1,    4.067,   0,eor
     2667,20130926,   3,   6.6,   85.50,  13.3,   13.7, 1002.66,   2.4,    4.9,    6.8,   18.2,   6.8,   0,   0.0,    3.167,   0,eor
     2667,20130927,   3,   3.3,   80.04,  10.3,   11.0, 1004.92,   2.0,    1.5,    3.8,   17.9,   5.0,   0,   0.0,   10.267,   0,eor
     2667,20130928,   3,   3.4,   72.13,   9.7,   11.5, 1000.84,   2.7,    1.6,    2.6,   18.2,   7.4,   0,   0.0,    7.067,   0,eor
     2667,20130929,   3,   3.3,   60.00,   9.1,   13.5,  997.48,   4.3,    7.7,    9.3,   18.9,  12.1,   0,   0.0,   10.583,   0,eor
     2667,20130930,   3,   3.4,   69.71,   9.4,   11.5,  997.92,   2.7,    2.3,    5.3,   15.8,   8.4,   0,   0.0,    6.783,   0,eor
     2667,20131001,   3,   4.2,   61.88,   9.0,   12.6, 1001.16,   2.8,    3.1,    7.3,   17.5,   8.7,   0,   0.0,    6.700,   0,eor
     2667,20131002,   3,   3.9,   63.21,   7.8,   10.4, 1006.23,   4.3,    0.3,    3.2,   17.0,  13.0,   0,   0.0,   10.233,   0,eor
     2667,20131003,   3,   5.0,   51.83,   7.1,   11.8, 1006.31,   5.9,    3.9,    6.2,   16.9,  13.4,   6,   3.6,    8.933,   0,eor
     2667,20131004,   3,   7.5,   80.25,  11.9,   12.7, 1004.90,   4.6,    8.2,    8.7,   16.6,   9.7,   6,   3.0,    0.550,   0,eor
     2667,20131005,   3,   7.5,   94.42,  15.3,   14.2, 1005.79,   1.8,   10.1,   11.6,   16.3,   6.1,   6,   0.5,    0.000,   0,eor
     2667,20131006,   3,   6.2,   89.00,  13.0,   12.7, 1013.28,   1.8,    7.1,    9.2,   16.4,   4.9,   0,   0.0,    1.500,   0,eor
     2667,20131007,   3,   3.4,   85.33,  12.0,   12.1, 1014.38,   1.2,    2.5,    4.3,   18.7,   3.4,   0,   0.0,    7.150,   0,eor
     2667,20131008,   3,   7.7,   87.79,  13.9,   13.9, 1012.80,   1.4,   11.6,   12.0,   16.6,   4.5,   6,   0.0,    0.000,   0,eor
     2667,20131009,   3,   7.7,   89.00,  13.7,   13.5, 1005.24,   2.4,   10.2,   10.7,   16.7,   8.8,   6,   6.0,    0.033,   0,eor
     2667,20131010,   3,   5.8,   91.92,   9.6,    7.6,  996.90,   2.4,    1.7,    2.7,   11.0,   9.8,   6,   2.2,    2.200,   0,eor
     2667,20131011,   3,   7.1,   95.33,   8.9,    5.9, 1002.77,   1.5,    2.0,    3.1,    8.4,   5.4,   6,   4.5,    0.000,   0,eor
     2667,20131012,   3,   5.3,   95.13,   8.2,    4.7, 1005.90,   1.5,   -2.0,   -1.5,    7.1,   4.6,   6,   1.8,    0.000,   0,eor
     2667,20131013,   3,   7.3,   84.58,   9.0,    8.0, 1004.43,   4.3,    4.2,    5.1,   10.5,  12.2,   6,   0.3,    0.700,   0,eor
     2667,20131014,   3,   7.0,   82.33,  10.7,   10.9, 1002.18,   3.6,    4.8,    6.4,   14.8,  10.0,   6,   9.7,    4.617,   0,eor
     2667,20131015,   3,   7.0,   87.17,  10.9,   10.2,  996.63,   3.0,    5.3,    6.8,   12.8,  10.4,   6,   7.5,    0.500,   0,eor
     2667,20131016,   3,   7.6,   88.46,  11.0,   10.2, 1001.02,   2.1,    7.6,    8.0,   12.9,   5.8,   6,   0.5,    0.983,   0,eor
     2667,20131017,   3,   5.1,   86.13,  12.2,   12.2, 1001.85,   3.8,    5.6,    7.7,   16.4,  13.0,   6,   0.0,    0.367,   0,eor
     2667,20131018,   3,   6.2,   88.25,  12.3,   12.0, 1006.00,   1.7,    5.1,    6.2,   17.1,   4.7,   0,   0.0,    3.467,   0,eor
     2667,20131019,   3,   5.2,   79.46,  13.2,   14.4,  999.82,   3.7,    7.8,    9.3,   20.5,   8.1,   6,   0.3,    6.200,   0,eor
     2667,20131020,   3,   7.1,   84.42,  15.3,   16.0, 1000.92,   3.1,   10.7,   12.4,   18.8,   8.2,   6,   2.3,    0.750,   0,eor
     2667,20131021,   3,   6.4,   83.50,  14.3,   15.1, 1002.23,   3.2,    9.4,   10.5,   19.1,   7.8,   6,   0.0,    1.300,   0,eor
     2667,20131022,   3,   6.6,   78.21,  16.1,   18.1,  995.70,   4.1,   13.9,   14.0,   23.2,  16.5,   6,  12.0,    7.083,   0,eor
     2667,20131023,   3,   5.9,   83.75,  15.5,   16.4,  995.08,   4.5,   11.2,   12.7,   20.3,  10.8,   6,   2.4,    2.250,   0,eor
     2667,20131024,   3,   4.1,   83.75,  13.3,   14.0, 1004.93,   1.8,    8.0,    9.7,   18.6,   4.6,   0,   0.0,    6.767,   0,eor
     2667,20131025,   3,   7.3,   87.71,  14.7,   14.7, 1001.14,   3.6,   10.0,   10.9,   17.5,   9.8,   6,   5.9,    0.367,   0,eor
     2667,20131026,   3,   6.6,   85.17,  16.8,   17.4, 1000.00,   3.0,   13.7,   14.3,   21.0,   9.1,   6,   0.0,    1.400,   0,eor
     2667,20131027,   3,   5.4,   70.63,  12.6,   15.6,  994.41,   5.8,   11.2,   12.8,   17.7,  17.8,   6,   2.3,    3.183,   0,eor
     2667,20131028,   3,   6.3,   73.88,  12.2,   14.6,  989.66,   6.5,    8.5,   10.5,   18.4,  21.1,   6,   1.4,    0.283,   0,eor
     2667,20131029,   3,   5.0,   70.38,   9.1,   10.9, 1000.55,   4.2,    4.8,    6.6,   13.6,  10.6,   6,   0.0,    1.467,   0,eor
     2667,20131030,   3,   1.8,   78.88,   8.3,    8.0, 1010.98,   2.3,    0.2,    2.8,   13.5,   7.2,   0,   0.0,    7.350,   0,eor
     2667,20131031,   3,   5.0,   77.79,   8.1,    7.8, 1011.48,   3.3,   -0.4,    2.0,   13.4,   7.8,   6,   0.2,    7.867,   0,eor
     2667,20131101,   3,   8.0,   90.79,  10.5,    9.1, 1003.65,   3.1,    7.6,    7.8,   10.3,   6.9,   6,  17.0,    0.000,   0,eor
     2667,20131102,   3,   7.3,   91.75,  12.5,   11.5,  990.97,   2.8,    7.6,    7.9,   15.8,  16.2,   6,   8.5,    0.167,   0,eor
     2667,20131103,   3,   6.6,   79.83,   9.2,    9.0,  991.44,   4.7,    4.3,    5.7,   13.3,  14.5,   6,   0.7,    1.250,   0,eor
     2667,20131104,   3,   6.8,   83.92,  10.0,    9.4,  979.16,   5.2,    3.8,    5.1,   14.5,  15.5,   6,   3.9,    0.200,   0,eor
     2667,20131105,   3,   6.7,   86.33,   8.5,    6.7,  985.02,   3.6,    2.0,    3.5,    9.4,  14.5,   6,  10.3,    2.933,   0,eor
     2667,20131106,   3,   7.5,   87.13,  10.8,   10.1,  990.03,   3.5,    6.4,    7.7,   14.5,  11.7,   6,   5.9,    0.000,   0,eor
     2667,20131107,   3,   7.8,   88.42,  13.6,   13.5,  995.08,   3.6,   10.7,   10.9,   16.0,  13.4,   6,  17.8,    0.000,   0,eor
     2667,20131108,   3,   7.8,   93.42,  12.2,   11.0,  995.67,   2.4,    9.1,    9.5,   12.5,   8.8,   6,   1.2,    0.467,   0,eor
     2667,20131109,   3,   5.6,   71.79,   8.5,    9.5,  996.54,   4.9,    5.9,    7.4,   12.3,  12.2,   6,   1.0,    5.600,   0,eor
     2667,20131110,   3,   6.7,   92.46,   8.5,    5.7,  997.93,   2.7,   -0.9,    1.4,    8.2,  10.9,   6,   4.8,    0.300,   0,eor
     2667,20131111,   3,   2.8,   92.00,   7.4,    3.8, 1016.76,   2.5,   -3.4,   -1.6,    8.9,   7.6,   0,   0.0,    5.633,   0,eor
     2667,20131112,   3,   6.4,   85.58,   8.0,    6.0, 1014.10,   2.3,    1.0,    2.8,    9.1,   5.8,   6,   1.1,    0.050,   0,eor
     2667,20131113,   3,   6.1,   97.38,   8.8,    5.4, 1018.57,   1.9,    0.2,    1.7,    7.9,   6.2,   0,   0.0,    1.150,   0,eor
     2667,20131114,   3,   7.2,   94.54,   7.6,    3.8, 1009.13,   2.3,    0.2,    0.7,    6.5,   6.1,   6,   0.1,    1.433,   0,eor
     2667,20131115,   3,   4.5,   86.79,   7.8,    5.4, 1014.67,   2.1,   -4.4,   -1.8,   10.0,   8.1,   0,   0.0,    5.550,   0,eor
     2667,20131116,   3,   3.5,   93.00,   5.8,    0.4, 1018.65,   1.9,   -6.4,   -4.0,    5.9,   4.8,   0,   0.0,    6.933,   0,eor
     2667,20131117,   3,   7.2,   94.92,   6.6,    1.7, 1012.15,   1.4,   -4.2,   -2.8,    5.0,   5.5,   6,   0.0,    0.000,   0,eor
     2667,20131118,   3,   8.0,   85.71,   7.3,    4.7,  999.79,   2.0,    3.2,    3.2,    6.1,   6.1,   6,   0.0,    0.000,   0,eor
     2667,20131119,   3,   7.9,   88.83,   7.8,    5.0,  995.16,   2.0,    0.4,    2.4,    7.1,   6.9,   6,   0.3,    0.417,   0,eor
     2667,20131120,   3,   6.6,   83.58,   6.8,    4.0,  992.85,   3.2,    0.1,    1.4,    6.9,   8.7,   0,   0.0,    2.183,   0,eor
     2667,20131121,   3,   8.0,   78.67,   6.4,    4.1,  989.26,   3.6,    2.2,    2.6,    6.2,   9.8,   6,   0.5,    0.000,   0,eor
     2667,20131122,   3,   7.9,   82.38,   6.6,    3.7,  997.66,   3.5,    1.9,    2.3,    4.8,   8.0,   6,   0.0,    0.000,   0,eor
     2667,20131123,   3,   7.6,   85.13,   7.8,    5.7, 1005.22,   3.0,    4.0,    4.4,    8.1,   7.5,   0,   0.0,    0.617,   0,eor
     2667,20131124,   3,   7.0,   92.46,   7.2,    3.4, 1010.90,   2.5,   -1.9,    0.5,    5.7,   6.2,   6,   0.4,    0.067,   0,eor
     2667,20131125,   3,   6.0,   95.25,   6.6,    1.7, 1017.85,   2.2,   -5.3,   -2.1,    5.2,   9.3,   6,   0.9,    0.000,   0,eor
     2667,20131126,   3,   6.1,   99.17,   5.6,   -1.0, 1022.28,   1.3,   -7.3,   -4.2,    0.6,   3.3,   0,   0.0,    0.000,   0,eor
     2667,20131127,   3,   7.5,   90.88,   6.1,    1.3, 1021.49,   2.3,   -0.5,   -0.5,    3.1,   5.4,   8,   0.4,    0.583,   0,eor
     2667,20131128,   3,   8.0,   97.67,   8.7,    5.2, 1019.56,   1.3,    2.2,    2.4,    7.2,   3.4,   6,   0.7,    0.000,   0,eor
     2667,20131129,   3,   7.6,   89.00,   8.3,    5.9, 1010.00,   3.2,    1.7,    3.3,    8.2,  14.3,   6,   0.9,    0.000,   0,eor
     2667,20131130,   3,   7.4,   91.75,   7.9,    4.9, 1008.00,   2.6,    1.8,    3.2,    6.6,   8.5,   6,   0.4,    0.000,   0,eor
     2667,20131201,   3,   7.3,   94.75,   8.5,    5.4, 1017.48,   1.3,    0.4,    3.6,    7.5,   4.0,   6,   0.0,    0.750,   0,eor
     2667,20131202,   3,   5.8,   83.67,   7.4,    5.2, 1020.32,   2.3,   -2.9,    0.7,    8.3,   7.2,   0,   0.0,    4.283,   0,eor
     2667,20131203,   1,   4.6,   86.21,   5.7,    1.2, 1016.70,   2.1,   -6.2,   -3.3,    6.4,   6.1,   7,   0.0,    6.250,   0,eor
     2667,20131204,   1,   7.3,   92.79,   7.0,    2.8, 1014.21,   2.0,   -5.5,   -3.8,    6.2,   9.1,   6,   3.5,    0.000,   0,eor
     2667,20131205,   1,   5.6,   84.38,   6.7,    3.8, 1008.31,   5.2,   -1.4,    0.6,    7.3,  26.6,   8,   3.4,    0.750,   0,eor
     2667,20131206,   1,   6.6,   86.17,   6.1,    2.1, 1008.23,   5.4,   -0.2,    0.4,    3.6,  17.1,   8,   3.0,    0.000,   0,eor
     2667,20131207,   1,   7.6,   89.58,   7.3,    3.9, 1013.27,   2.8,    0.4,    1.6,    6.5,   8.6,   6,   1.8,    0.000,   0,eor
     2667,20131208,   1,   7.1,   83.33,   8.4,    7.1, 1013.35,   3.5,    3.8,    5.0,    9.1,  10.0,   6,   0.4,    0.233,   0,eor
     2667,20131209,   1,   7.3,   80.79,   8.5,    7.8, 1017.43,   2.7,    2.6,    5.8,   10.1,   9.2,   0,   0.0,    2.083,   0,eor
     2667,20131210,   1,   4.8,   89.67,   8.3,    5.8, 1022.42,   2.3,    1.2,    3.4,    8.2,   6.0,   0,   0.0,    2.783,   0,eor
     2667,20131211,   1,   7.4,   94.25,   8.4,    5.3, 1021.53,   3.8,    2.6,    3.8,    6.4,   8.0,   0,   0.0,    0.000,   0,eor
     2667,20131212,   1,   5.6,   90.08,   7.1,    3.5, 1017.51,   4.4,   -1.0,    0.9,    5.1,   9.4,   0,   0.0,    2.350,   0,eor
     2667,20131213,   1,   2.6,   90.96,   6.0,    1.1, 1013.08,   3.5,   -2.4,   -0.3,    3.2,   7.6,   6,   0.7,    2.783,   0,eor
     2667,20131214,   1,   5.6,   92.58,   7.1,    3.1, 1014.70,   2.6,   -2.5,   -1.3,    7.0,   6.7,   6,   3.8,    0.000,   0,eor
     2667,20131215,   1,   6.7,   80.50,   7.6,    6.0, 1015.88,   3.2,    2.2,    3.0,    8.3,  10.1,   6,   0.9,    0.000,   0,eor
     2667,20131216,   1,   4.2,   62.54,   6.3,    7.0, 1013.59,   4.3,    2.7,    4.5,   10.2,   7.7,   0,   0.0,    5.267,   0,eor
     2667,20131217,   1,   6.0,   69.33,   6.7,    6.5, 1012.07,   3.2,    0.8,    4.3,   10.7,   6.1,   0,   0.0,    5.017,   0,eor
     2667,20131218,   1,   6.3,   78.67,   8.1,    7.4, 1006.05,   3.5,    2.6,    4.9,    9.8,   9.6,   6,   1.4,    0.000,   0,eor
     2667,20131219,   1,   6.7,   83.29,   8.7,    7.5,  995.62,   3.6,   -1.7,    0.6,   10.7,  13.0,   6,   1.2,    0.067,   0,eor
     2667,20131220,   1,   3.8,   85.29,   7.1,    4.4, 1011.09,   3.1,   -0.9,    0.8,    8.6,   9.2,   6,   0.3,    3.667,   0,eor
     2667,20131221,   1,   6.5,   71.42,   6.0,    4.7, 1013.60,   4.2,   -0.7,    1.4,    8.2,  11.9,   6,   0.9,    0.000,   0,eor
     2667,20131222,   1,   7.3,   76.38,   8.3,    8.2, 1004.58,   5.0,    3.1,    4.4,   10.4,  14.2,   6,   1.6,    0.000,   0,eor
     2667,20131223,   1,   6.9,   74.04,   8.3,    8.7, 1001.07,   4.8,    2.3,    4.0,   12.0,  16.9,   0,   0.0,    4.083,   0,eor
     2667,20131224,   1,   7.6,   61.04,   8.9,   12.5,  983.28,   8.2,    9.0,   10.2,   13.9,  18.3,   6,   0.5,    0.000,   0,eor
     2667,20131225,   1,   6.4,   79.54,   9.0,    8.8,  979.07,   3.8,    2.2,    4.3,   12.4,  14.7,   6,   0.0,    0.000,   0,eor
     2667,20131226,   1,   7.0,   87.96,   8.0,    5.5,  985.61,   1.9,    0.2,    2.0,    7.3,   6.8,   6,   0.0,    0.000,   0,eor
     2667,20131227,   1,   5.7,   76.58,   7.9,    7.3,  988.64,   6.1,   -0.3,    1.4,   11.4,  16.8,   6,   0.0,    1.217,   0,eor
     2667,20131228,   1,   7.8,   87.42,   9.5,    8.4,  988.74,   3.0,    4.4,    5.1,   12.8,  12.3,   6,   5.8,    0.000,   0,eor
     2667,20131229,   1,   5.1,   88.75,   7.4,    4.2, 1004.21,   2.8,   -2.0,    0.5,    7.1,   8.0,   6,   2.5,    1.017,   0,eor
     2667,20131230,   1,   4.2,   80.96,   6.4,    3.7, 1011.44,   4.3,   -1.4,    0.4,    6.2,  10.0,   6,   0.0,    5.617,   0,eor
     2667,20131231,   1,   6.7,   68.08,   6.1,    5.5, 1003.53,   4.3,    2.5,    3.5,    8.0,  10.4,   6,   0.9,    4.983,   0,eor
